 1.1024527701670413E-9  -0.5257311134818126     -0.8506508075098581
 1.6077386533844366E-9   0.5257311147993197      0.8506508066955937
-2.716773700365699E-10  -0.5257311181867027      0.8506508046020761
 0.8506508065199087      1.1172384577952559E-9   0.5257311150835844
 0.525731118936366      -0.8506508041387585      3.828241846940349E-9
-0.5257311164735508     -0.850650805660862       1.2417564946816898E-9
-0.8506508045509522     -1.2778111078662514E-9   0.525731118269423
-5.306551439102121E-10   0.5257311143769218     -0.85065080695665
 0.5257311135718477      0.8506508074542133      6.761744067758052E-10
-0.525731113437952       0.8506508075369652      9.024757150420703E-10
 0.8506508062900306     -1.572971515011002E-9   -0.5257311154555345
-0.8506508073704616      1.903956379021338E-9   -0.5257311137073605
-0.4006187756201625     -0.9107410707619674      0.10027611205041347
-0.3621861518438543     -0.9109931309702052      0.19726303946163634
-0.3199852480477242     -0.9016301498916207      0.2909854186007433
-0.2737253267668544     -0.8833491109692702      0.3804849453476164
-0.22440016147270556    -0.8560381090377761      0.46566438923977477
-0.17171156396694312    -0.8203011376852163      0.5455466820652165
-0.116785733690118      -0.7760459431388078      0.6197691397159582
-0.05916987067631105    -0.72371876765583        0.6875536864470115
 1.0465622530861635E-10 -0.6631450487147722      0.7484909113443413
-0.3030162853846202     -0.9475621200669427      0.1015241813852597
-0.26080672627445617    -0.9445331294164566      0.19959213152014812
-0.21466383493989402    -0.9313067153329141      0.2942570983760908
-0.16533275022447516    -0.908389168098541       0.3840497376440348
-0.11266144913515656    -0.8758365138904827      0.46927369286476406
-0.05760130777713073    -0.8342367358172411      0.5483896041641917
-1.722431949757101E-11  -0.7833457096647598      0.6215862765134169
 0.05916987064889499    -0.7237187675879458      0.6875536865208256
-0.2031995132988973     -0.9738077031252612      0.10202213058446775
-0.1570625252483304     -0.9669062820349815      0.20105622329066702
-0.10778730913179162    -0.9491139846027896      0.29591306193127676
-0.05515913096409636    -0.9209121959933748      0.3858473759687185
-2.062567004411394E-11  -0.88249776380933        0.4703165921712012
 0.05760130779751765    -0.8342367358051659      0.5483896041804198
 0.11678573376156208    -0.7760459431790299      0.6197691396521317
-0.10201376396003177    -0.9894726931229773      0.10264980042196609
-0.05267130214265745    -0.9780177727782928      0.20175968393210889
 1.0197480377949221E-10 -0.9550024137122308      0.29659802730937573
 0.055159130928894406   -0.9209121960053284      0.3858473759452207
 0.11266144921350582    -0.8758365139097216      0.46927369281004755
 0.17171156390190034    -0.8203011376462983      0.5455466821442069
-2.733057325010518E-10  -0.994725036201665       0.10257729940682013
 0.05267130223068163    -0.9780177727381829      0.2017596841035602
 0.10778730892144624    -0.9491139846726163      0.2959130617839328
 0.1653327502965012     -0.9083891680087127      0.38404973782549773
 0.22440016144495567    -0.8560381091615595      0.4656643890255941
 0.10201376452605258    -0.9894726930627297      0.10264980044019757
 0.1570625249215847     -0.966906282089146       0.2010562232854324
 0.2146638352241404     -0.9313067153193786      0.29425709821156937
 0.27372532656890014    -0.8833491109406394      0.38048494555649764
 0.20319951259679447    -0.9738077033217319      0.10202213010753505
 0.260806726677511      -0.944533129208293       0.19959213197857342
 0.3199852478111348     -0.9016301501647347      0.29098541801465694
 0.30301628625561416    -0.9475621198020644      0.10152418125783469
 0.36218615118963304    -0.9109931311374897      0.19726303989027635
 0.40061877468934787    -0.9107410713105716      0.10027611078655821
 0.400618775526835      -0.9107410706592484     -0.10027611335619786
 0.36218615137724147    -0.9109931314933216     -0.1972630379025258
 0.31998524800186734    -0.9016301495785274     -0.29098541962130314
 0.27372532650417314    -0.8833491113774004     -0.38048494458906074
 0.22440016158893245    -0.856038108855895      -0.4656643895181205
 0.17171156329884904    -0.8203011379114782     -0.5455466819352854
 0.11678573396549582    -0.7760459433036168     -0.6197691394577015
 0.059169869138879415   -0.7237187679620141     -0.6875536862570313
-4.841171846017773E-10  -0.6631450492820191     -0.748490910841774
 0.3030162856675343     -0.9475621198188497     -0.10152418285639529
 0.2608067268430882     -0.9445331294458388     -0.19959213063807163
 0.2146638349080876     -0.9313067150528657     -0.2942570992856316
 0.16533275062584543    -0.9083891682650103     -0.38404973707749746
 0.1126614490329414     -0.8758365135626973     -0.4692736935010711
 0.057601308479125965   -0.8342367359737748     -0.5483896038523296
 1.9131273387521505E-10 -0.7833457089793626     -0.6215862773771792
-0.05916986903449483    -0.7237187676281253     -0.6875536866174659
 0.20319951292020122    -0.9738077031701832     -0.10202213090994244
 0.15706252495117115    -0.9669062822003658     -0.2010562227274476
 0.10778730900264212    -0.9491139845248453     -0.29591306222831826
 0.05515913070979647    -0.9209121961520039     -0.38584737562646776
-1.0219933152919578E-10 -0.8824977637841893     -0.47031659221837496
-0.05760130850939121    -0.8342367360650514     -0.5483896037102961
-0.11678573442344907    -0.7760459433599374     -0.6197691393008854
 0.10201376438916676    -0.9894726930246449     -0.10264980094334446
 0.05267130229149698    -0.978017772811995      -0.20175968372988395
 1.0405084978811985E-10 -0.9550024135916094     -0.2965980276977589
-0.0551591307211252     -0.9209121960862783     -0.38584737578171746
-0.11266144886454922    -0.8758365136273711     -0.46927369342079256
-0.171711563210076      -0.8203011377298739     -0.5455466822362928
-2.007126707456838E-10  -0.9947250361701309     -0.10257729971261535
-0.052671302191816816   -0.9780177728292851     -0.20175968367209296
-0.10778730918289406    -0.949113984531419      -0.29591306214157653
-0.16533275053025392    -0.9083891682333377     -0.3840497371935639
-0.22440016181324404    -0.8560381089548725     -0.4656643892280744
-0.10201376393185678    -0.9894726930951637     -0.1026498007180695
-0.1570625252015754     -0.9669062820934099     -0.20105622304620058
-0.2146638347631832     -0.9313067152168911     -0.2942570988722095
-0.2737253265521325     -0.8833491111394036     -0.38048494510710135
-0.20319951338349393    -0.9738077030741684     -0.10202213090366051
-0.2608067263776384     -0.9445331294959293     -0.19959213100922968
-0.31998524818100754    -0.9016301496866241     -0.29098541908936787
-0.30301628518671964    -0.947562120069666      -0.10152418195051117
-0.3621861518543673     -0.9109931311051077     -0.19726303881933235
-0.4006187758922658     -0.9107410705507224     -0.10027611288191451
-0.5628689346472218     -0.8104649579730124      0.16225015965139986
-0.6221945877779945     -0.7502990800860174      0.2234394445075609
-0.6740238113057327     -0.6828222848102324      0.2818610103569275
-0.7176513381136462     -0.6089877470885727      0.3378024286468019
-0.7534608087212079     -0.5290606474959926      0.3903737196486264
-0.7806993112488124     -0.4439260103420648      0.43981619201367156
-0.799608018683758      -0.35403856398924055     0.4850605237133519
-0.8094689505080448     -0.26000843289091596     0.5264557274728946
-0.8104649584590212     -0.16225015979974708     0.5628689339046644
-0.526455727627141      -0.8094689502946236      0.2600084332430352
-0.5837535782545488     -0.7449409978723398      0.3229468525376474
-0.6331805122281473     -0.6726491840593867      0.38291711129008354
-0.6740768300005926     -0.5939680351180266      0.4391154751479194
-0.7066294840346227     -0.5087440798562712      0.4917867764632951
-0.7302504917841997     -0.4185166781689639      0.5399796378969772
-0.7449409976449402     -0.3229468525141287      0.5837535785577497
-0.7502990797448965     -0.22343944480741762     0.6221945880816662
-0.48506052401406224    -0.7996080185240307      0.35403856393799304
-0.5399796378426108     -0.7302504919178917      0.41851667800583525
-0.5865847014601913     -0.6532009224167692      0.47879739239759883
-0.6243141689793682     -0.5691550376755129      0.5350648199052019
-0.6532009225569149     -0.47879739237464        0.5865847013228699
-0.6726491842326504     -0.3829171111766131      0.6331805121127049
-0.6828222851826472     -0.28186101033807254     0.6740238109363413
-0.4398161920507729     -0.7806993111968493      0.4439260103966907
-0.4917867763146299     -0.7066294840675644      0.5087440799542258
-0.5350648199568712     -0.6243141689462368      0.5691550376632811
-0.569155037561101      -0.5350648199878764      0.6243141690128164
-0.5939680349999726     -0.4391154751137225      0.6740768301268936
-0.6089877468334246     -0.33780242879073014     0.7176513382624129
-0.3903737197652085     -0.7534608085816624      0.5290606476087049
-0.4391154751241043     -0.6740768301477011      0.5939680349686839
-0.4787973924895685     -0.5865847012985114      0.6532009224945463
-0.5087440798911547     -0.4917867764687846      0.7066294840056876
-0.5290606477301363     -0.39037371958948414     0.7534608085874404
-0.3378024287702653     -0.7176513381607316      0.6089877469646011
-0.3829171110925432     -0.633180512203565       0.6726491841949799
-0.41851667819024946    -0.5399796377904477      0.7302504918507732
-0.44392601016947886    -0.43981619215107626     0.7806993112695408
-0.28186101044581485    -0.6740238109683423      0.6828222851065837
-0.32294685239166454    -0.5837535785800958      0.7449409976805199
-0.35403856417364493    -0.48506052362326135     0.7996080186567611
-0.22343944492569429    -0.6221945878808921      0.7502990798761681
-0.2600084327502604     -0.5264557277044303      0.8094689504026401
-0.16225015997897477    -0.5628689338627345      0.8104649584522613
 0.1622501600473118     -0.5628689338193938      0.8104649584686809
 0.2600084327193733     -0.5264557278261638      0.8094689503333896
 0.35403856413036744    -0.4850605235676335      0.7996080187096681
 0.4439260103330452     -0.4398161921935578      0.7806993111526004
 0.5290606473963261     -0.39037371960219647     0.7534608088152468
 0.6089877473545928     -0.337802428708052       0.7176513378590748
 0.6828222844879857     -0.2818610104537352      0.6740238115917033
 0.7502990805646419     -0.22343944463493118     0.6221945871550851
 0.8104649576787504     -0.16225015990561734     0.5628689349976449
 0.22343944499295817    -0.6221945877981967      0.7502990799247129
 0.3229468522815453     -0.5837535785955866      0.7449409977161197
 0.41851667831607525    -0.5399796377383717      0.7302504918171682
 0.5087440796763866     -0.4917867765158983      0.7066294841275222
 0.5939680353031448     -0.4391154750002219      0.6740768299336889
 0.6726491837966527     -0.38291711132418743     0.6331805124866343
 0.7449409981328675     -0.32294685219172004     0.5837535781134591
 0.8094689499150206     -0.260008433201156       0.5264557282314952
 0.2818610104614864     -0.6740238109883749      0.6828222850803402
 0.38291711112074966    -0.63318051221396        0.6726491841691379
 0.47879739241031527    -0.5865847013175526      0.6532009225355395
 0.5691550377115198     -0.5350648199390787      0.6243141689175089
 0.6532009223507691     -0.4787973924560649      0.5865847014859641
 0.7302504920414735     -0.4185166780679628      0.5399796376273304
 0.7996080184449333     -0.35403856416674984     0.485060523977486
 0.33780242869908034    -0.7176513381614867      0.6089877470031975
 0.43911547517239286    -0.6740768301067627      0.5939680349794444
 0.5350648199219906     -0.624314169002747       0.5691550376340854
 0.6243141689839781     -0.5691550375739927      0.5350648200078115
 0.7066294840581302     -0.5087440799397844      0.49178677634312534
 0.7806993111809897     -0.4439260101969846      0.43981619228049673
 0.3903737197696081     -0.7534608086295995      0.5290606475371886
 0.4917867763743759     -0.7066294839616732      0.5087440800435508
 0.5865847013109166     -0.6532009225556544      0.47879739239100366
 0.6740768302075594     -0.5939680348551688      0.4391154751857628
 0.7534608084733041     -0.5290606478337359      0.3903737196693731
 0.43981619176406406    -0.7806993113354855      0.4439260104369359
 0.5399796381247475     -0.7302504917288755      0.4185166779716217
 0.6331805119090342     -0.6726491844363771      0.3829171111555218
 0.7176513384421178     -0.6089877466274014      0.3378024287803697
 0.4850605239029475     -0.7996080186640797      0.354038563773924
 0.5837535785840482     -0.7449409974475278      0.3229468529219633
 0.6740238107617127     -0.6828222853936445      0.2818610102445158
 0.5264557268583525     -0.809468950848955       0.26000843307388327
 0.622194588629259      -0.7502990793714504      0.22343944453659306
 0.562868933867568      -0.8104649585537994      0.16225015945500873
 0.5628689331930024     -0.8104649587633409     -0.16225016074848017
 0.6221945872332598     -0.7502990801826476     -0.2234394456999621
 0.6740238108825839     -0.6828222850846881     -0.2818610107039352
 0.7176513379028079     -0.6089877471614135     -0.3378024289634047
 0.7534608085569543     -0.5290606475419641     -0.390373719903349
 0.780699311091242      -0.4439260105469235     -0.43981619208659534
 0.7996080184371152     -0.35403856384056565    -0.4850605242284509
 0.8094689501998817     -0.26000843349719166    -0.5264557276472902
 0.8104649576982292     -0.16225015951503752    -0.5628689350821845
 0.5264557286186238     -0.8094689500245443     -0.260008432076338
 0.5837535788663307     -0.7449409977753916     -0.32294685165543036
 0.6331805125058583     -0.6726491839945427     -0.3829171109447769
 0.6740768302227137     -0.5939680350316049     -0.4391154749238441
 0.7066294841648244     -0.5087440798921251     -0.49178677623912287
 0.7302504919893882     -0.41851667795158126    -0.5399796377879715
 0.7449409979846847     -0.32294685256785055    -0.583753578094474
 0.7502990802414826     -0.22343944430185605    -0.6221945876643921
 0.48506052298695246    -0.7996080188350944     -0.35403856464266675
 0.5399796373721003     -0.7302504918315915     -0.41851667876347964
 0.5865847011258931     -0.6532009225934282     -0.47879739256614684
 0.6243141688156558     -0.5691550376472249     -0.535064820126312
 0.6532009223140564     -0.4787973924720014     -0.5865847015138381
 0.6726491839647794     -0.38291711131325906    -0.6331805123146363
 0.6828222846108924     -0.28186101041956974    -0.674023811481479
 0.43981619262304505    -0.780699311110666      -0.44392600998128057
 0.49178677680207633    -0.7066294841553429     -0.5087440793611053
 0.5350648200831049     -0.6243141689083286     -0.5691550375861901
 0.5691550378281034     -0.5350648199488763     -0.6243141688028288
 0.5939680351288653     -0.4391154751385863     -0.6740768299971218
 0.6089877472753485     -0.3378024285770189     -0.7176513379879982
 0.3903737192599098     -0.7534608088918976     -0.5290606475397245
 0.4391154748681477     -0.6740768298184149     -0.5939680355316073
 0.4787973922196969     -0.5865847016336848     -0.6532009223913715
 0.5087440798326066     -0.4917867762349858     -0.7066294842105547
 0.5290606472899556     -0.39037371992644027    -0.7534608087219444
 0.3378024287515507     -0.7176513379064001     -0.6089877472746945
 0.382917111635029      -0.6331805124310615     -0.6726491836720125
 0.4185166779400499     -0.5399796377885976     -0.7302504919955339
 0.44392601071843285    -0.439816192013256      -0.7806993110350338
 0.2818610101976346     -0.6740238118483407     -0.6828222843403701
 0.3229468524310267     -0.5837535777852259     -0.7449409982863346
 0.35403856364993397    -0.48506052447366854    -0.7996080183727655
 0.22343944411849276    -0.622194587321466      -0.7502990805804638
 0.26000843388952793    -0.526455727853988      -0.8094689499394296
 0.16225015932399978    -0.562868935815573      -0.8104649572271346
-0.16225015971333157    -0.5628689356326303     -0.8104649572762466
-0.2600084336103538     -0.5264557283870545     -0.8094689496824113
-0.35403856388749644    -0.48506052422072166    -0.7996080184210246
-0.44392601068170384    -0.4398161923170875     -0.7806993108847518
-0.5290606471710241     -0.3903737198314382     -0.7534608088546764
-0.6089877476411456     -0.33780242872227223    -0.717651337609217
-0.6828222841755377     -0.28186101055235036    -0.674023811866991
-0.7502990809105242     -0.22343944458531365    -0.6221945867558069
-0.8104649573364393     -0.16225015991727357    -0.5628689354871725
-0.223439444446691      -0.6221945868999225     -0.7502990808322966
-0.3229468520501091     -0.5837535778749939     -0.7449409983811258
-0.41851667821246114    -0.5399796375200449     -0.7302504920379912
-0.5087440795188257     -0.4917867763579318     -0.7066294843508981
-0.5939680354370677     -0.4391154748646022     -0.6740768299040291
-0.6726491835416955     -0.38291711140189977    -0.6331805127104876
-0.744940998368475      -0.32294685196315626    -0.5837535779392423
-0.8094689496238219     -0.26000843341286733    -0.526455728574676
-0.2818610104091986     -0.6740238118958558     -0.6828222842061364
-0.38291711152756414    -0.633180512631931      -0.672649183544106
-0.47879739232620966    -0.5865847015820524     -0.653200922359664
-0.5691550378283766     -0.5350648200949609     -0.6243141686773784
-0.6532009222891166     -0.4787973924912564     -0.5865847015258931
-0.7302504921059746     -0.4185166782228545     -0.5399796374200508
-0.7996080183969603     -0.354038564121516      -0.48506052408958394
-0.3378024287231335     -0.717651337703218      -0.6089877475298942
-0.4391154748504241     -0.6740768298488634     -0.5939680355101549
-0.5350648201080763     -0.6243141687718681     -0.5691550377124
-0.6243141687421778     -0.5691550376561127     -0.535064820202592
-0.7066294842779205     -0.5087440796087519     -0.49178677636976365
-0.7806993109470106     -0.4439260104322473     -0.43981619245836207
-0.3903737195936396     -0.7534608089010584     -0.5290606472804318
-0.4917867765677408     -0.7066294842486023     -0.5087440794580957
-0.5865847013335762     -0.6532009225064821     -0.47879739243032643
-0.6740768300855987     -0.5939680352428074     -0.4391154748486437
-0.7534608086560913     -0.5290606475226347     -0.3903737197382008
-0.43981619234858665    -0.7806993110112109     -0.4439260104281024
-0.5399796375444667     -0.7302504918894964     -0.418516678440053
-0.6331805124876213     -0.6726491838362266     -0.3829171112530378
-0.7176513378765331     -0.608987747223718      -0.337802428906903
-0.4850605236902254     -0.7996080186380444     -0.3540385641241717
-0.58375357838011       -0.7449409980008964     -0.3229468520141435
-0.6740238113037625     -0.682822284757881      -0.2818610104884621
-0.5264557282141397     -0.809468950003959      -0.26000843295941045
-0.6221945873234728     -0.7502990803289784     -0.2234394449573817
-0.56286893441242       -0.8104649580571567     -0.16225016004564663
-0.6631450489079203     -0.7484909111732168     -5.380548961651031E-10
-0.7237187675088675     -0.6875536866567132     -0.059169870037105936
-0.7760459431876733     -0.619769139563306      -0.11678573417551337
-0.8203011376757612     -0.5455466821615372     -0.17171156370609036
-0.8560381088872202     -0.4656643893897913     -0.22440016173573674
-0.8833491110202558     -0.38048494513811865    -0.2737253268935243
-0.9016301495516944     -0.2909854192943329     -0.3199852483748122
-0.9109931307933914     -0.19726303892329858    -0.3621861525817905
-0.9107410701247278     -0.10027611356023652    -0.400618776690909
-0.7237187678738557     -0.6875536862624684      0.05916987015398415
-0.783345709409408      -0.6215862768352207      2.500252092803327E-10
-0.8342367359858995     -0.5483896038804519     -0.05760130803578869
-0.8758365137805895     -0.4692736931275865     -0.11266144889472711
-0.9083891682461136     -0.3840497372902441     -0.16533275023548247
-0.9313067153270145     -0.2942570986528445     -0.21466383458612048
-0.9445331296735828     -0.19959213092933664    -0.2608067257953929
-0.9475621203623273     -0.10152418156914547    -0.30301628439931305
-0.7760459432013426     -0.6197691396468799      0.11678573364116383
-0.8342367358198008     -0.5483896041376025      0.05760130799319985
-0.8824977637660609     -0.47031659225239103    -1.6111108418914284E-10
-0.9209121960145514     -0.38584737591483215    -0.05515913098748516
-0.949113984491087      -0.29591306221250835    -0.1077873093433042
-0.9669062819790258     -0.20105622320105468    -0.15706252570751678
-0.9738077029053301     -0.10202213124598852    -0.20319951402075406
-0.8203011377777464     -0.545546681993536       0.1717115637526449
-0.8758365137961727     -0.46927369301723604     0.11266144923322922
-0.9209121960797756     -0.3858473757671848      0.05515913093134837
-0.9550024136792332     -0.29659802741562324     2.188408309886114E-10
-0.9780177728447711     -0.2017596836892572     -0.052671301838521804
-0.989472693172952      -0.10264980040440433    -0.10201376349297822
-0.8560381090489793     -0.4656643892442893      0.22440016142059974
-0.9083891680952301     -0.38404973760520067     0.1653327503328739
-0.9491139846015019     -0.2959130620244851      0.107787308887241
-0.9780177727734776     -0.20175968399248123     0.052671302000809384
-0.994725036166315      -0.10257729974961857    -5.093413891159054E-10
-0.8833491110745141     -0.3804849452115969      0.2737253266162886
-0.9313067152456788     -0.2942570985181609      0.21466383512361314
-0.966906282103695      -0.20105622306473075     0.15706252511453858
-0.9894726930534388     -0.10264980050992055     0.1020137645460104
-0.9016301499518198     -0.29098541859978017     0.31998524787897603
-0.944533129335159      -0.19959213153240846     0.2608067265595001
-0.9738077032477556     -0.10202213051320931     0.20319951274763667
-0.9109931311832898     -0.19726303925541375     0.3621861514202088
-0.9475621198649368     -0.1015241816758357      0.30301628591895646
-0.910741071016744      -0.10027611177194992     0.40061877511067023
-0.7484909113787692      5.639669089035564E-10   0.6631450486759133
-0.6875536866598313      0.059169870635771456    0.7237187674569596
-0.6197691397199296      0.11678573399906762     0.7760459430891431
-0.5455466820743332      0.1717115639580619      0.8203011376810122
-0.4656643894463669      0.22440016161944298     0.8560381088869292
-0.38048494508774267     0.27372532691584117     0.8833491110350387
-0.29098541922960747     0.3199852482639636      0.9016301496119232
-0.19726303889481764     0.36218615234645335     0.9109931308931222
-0.10027611328581068     0.40061877637739074     0.9107410702928541
-0.6875536862468634     -0.0591698707625001      0.7237187678389296
-0.6215862765516973     -2.5207683556045295E-10  0.7833457096343842
-0.548389603958423       0.057601307785984206    0.8342367359518931
-0.46927369301128163     0.11266144897208408     0.8758365138329549
-0.3840497373548092      0.16533275018746696     0.9083891682275558
-0.2942570986378628      0.2146638346932327      0.9313067153070589
-0.19959213100106563     0.26080672596661086     0.9445331296111483
-0.1015241816746523      0.3030162847094343      0.947562120251851
-0.6197691398297046     -0.11678573344869915     0.7760459430842982
-0.5483896042034727     -0.05760130773770215     0.8342367357941419
-0.47031659231777023     1.4834988394305745E-10  0.8824977637312178
-0.38584737588181856     0.055159131051135284    0.9209121960245712
-0.2959130622002847      0.10778730926919769     0.949113984503314
-0.20105622315012517     0.15706252558361788     0.9669062820097419
-0.10202213111499497     0.20319951377960077     0.9738077029693741
-0.5455466818760166     -0.17171156403268828     0.8203011377972826
-0.46927369292952603    -0.11266144927156148     0.8758365138382371
-0.3858473757464543     -0.05515913101369449     0.9209121960835293
-0.2965980274184461     -1.712882055893928E-10   0.9550024136783564
-0.20175968371327888     0.0526713018977065      0.9780177728366282
-0.10264980046968845     0.10201376367021839     0.989472693147906
-0.46566438940202065    -0.2244001613275651      0.8560381089875648
-0.38404973758254013    -0.16533275025491165     0.9083891681190002
-0.29591306208391066    -0.10778730891573618     0.9491139845797382
-0.2017596839362625     -0.05267130201930712     0.978017772784079
-0.10257729973384722     3.807920230222829E-10   0.9947250361679416
-0.38048494506498354    -0.27372532673126654     0.8833491111020363
-0.294257098586106      -0.2146638350953256      0.9313067152307308
-0.2010562230164663     -0.1570625251485152      0.9669062821082118
-0.1026498005673723     -0.10201376445788793     0.9894726930565638
-0.29098541882059564    -0.3199852478880014      0.9016301498773522
-0.1995921313851639     -0.2608067265403905      0.9445331293715502
-0.10202213061639484    -0.20319951284068602     0.9738077032175291
-0.1972630390191694     -0.36218615149917677     0.9109931312030497
-0.10152418184969642    -0.3030162858134485      0.9475621198800488
-0.10027611212181513    -0.4006187752483877      0.9107410709176428
 0.1002761122695462     -0.4006187753296664      0.910741070865624
 0.10152418195153029    -0.30301628575021033     0.9475621198893608
 0.10202213063069024    -0.2031995129082553      0.9738077032019321
 0.10264980055951951    -0.10201376440286568     0.9894726930630513
 0.1025772996505205      2.860682704216321E-10   0.9947250361765343
 0.10264980031418165     0.10201376376847211     0.9894726931539085
 0.10202213079590355     0.20319951360276617     0.9738077030397033
 0.10152418103707526     0.3030162849777868      0.9475621202343474
 0.10027611220788821     0.400618776006523       0.9107410705746757
 0.1972630389153369     -0.36218615147685873     0.9109931312344063
 0.1995921312668201     -0.26080672659729615     0.9445331293808448
 0.2010562230442713     -0.15706252510311122     0.9669062821098056
 0.20175968394862828    -0.05267130208506869     0.9780177727779864
 0.20175968386122045     0.05267130195132146     0.9780177728032213
 0.2010562233562751      0.1570625254865237      0.9669062819826473
 0.19959213154324573     0.26080672596383286     0.9445331294973459
 0.19726303971612993     0.36218615220566996     0.9109931307712501
 0.2909854188476809     -0.3199852479932126      0.9016301498312721
 0.2942570987184224     -0.21466383498763775     0.9313067152137458
 0.29591306202266027    -0.10778730901875896     0.9491139845871347
 0.2965980274067522     -9.23462156799923E-11    0.9550024136819882
 0.29591306199895184     0.10778730917545215     0.9491139845767314
 0.2942570983043364      0.21466383483321838     0.9313067153801743
 0.29098541852909865     0.3199852481760349      0.9016301498692059
 0.3804849451400973     -0.273725326545046       0.8833491111273873
 0.38404973740512854    -0.16533275045900128     0.9083891681568609
 0.3858473758585371     -0.05515913084209501     0.9209121960468465
 0.38584737592734714     0.055159130882879624    0.9209121960155733
 0.3840497376037612      0.1653327502725041      0.9083891681068262
 0.38048494550686274     0.27372532673125055     0.8833491109117108
 0.46566438919910774    -0.2244001616689875      0.8560381090084447
 0.4692736931967644     -0.11266144899690646     0.8758365137303801
 0.4703165921569538     -5.1099221359060085E-11  0.882497763816923
 0.46927369303414096     0.11266144909240307     0.8758365138052299
 0.465664389108072       0.22440016159301707     0.856038109077881
 0.5455466821995661     -0.17171156344863592     0.820301137704362
 0.5483896038945655     -0.05760130824884016     0.8342367359619115
 0.5483896040780407      0.0576013081698401      0.8342367358467577
 0.5455466821671744      0.1717115635843061      0.8203011376975047
 0.6197691394094849     -0.11678573423866338     0.7760459433010154
 0.6215862770275078      1.8973701610766791E-10  0.7833457092568274
 0.6197691394904694      0.11678573381820245     0.7760459432996135
 0.6875536866457942     -0.059169869585946076    0.7237187675561269
 0.6875536863120397      0.05916986970733541     0.7237187678632785
 0.7484909110058787     -4.949008815594013E-10   0.6631450490967945
 0.9107410703938894     -0.10027611308950427     0.4006187761968396
 0.9475621202035291     -0.10152418159197041     0.3030162848882442
 0.9738077030163588     -0.10202213106503948     0.2031995135795144
 0.9894726931343989     -0.10264980035600745     0.10201376391561975
 0.9947250361609504     -0.10257729980164214     4.232666626542278E-11
 0.9894726931357676     -0.1026498002684554     -0.10201376399044038
 0.9738077030788608     -0.10202213077862045    -0.20319951342378556
 0.9475621201706151     -0.1015241811242007     -0.30301628514789297
 0.9107410706523248     -0.10027611212866434    -0.4006187758498307
 0.9109931309010064     -0.1972630389568794      0.3621861522928206
 0.9445331295797845     -0.1995921311663511      0.26080672595370713
 0.9669062820082974     -0.2010562231188939      0.15706252563249012
 0.9780177728131303     -0.20175968386645204     0.05267130174728494
 0.978017772806811      -0.20175968389502932    -0.05267130175515612
 0.966906281986552      -0.20105622329229922    -0.15706252554438138
 0.944533129489395      -0.19959213153531866    -0.2608067259986939
 0.9109931308285744     -0.19726303963840103    -0.3621861521038191
 0.9016301496867044     -0.29098541918370957     0.3199852480949891
 0.9313067153068197     -0.2942570984998104      0.21466383488351076
 0.9491139845249762     -0.29591306220478886     0.10778730906608629
 0.9550024137187663     -0.2965980272883324      6.047310005628913E-11
 0.9491139845578342     -0.295913062059171      -0.10778730917652925
 0.9313067153850264     -0.29425709827833435    -0.21466383484781087
 0.9016301498638114     -0.29098541855243715    -0.3199852481700121
 0.8833491110444417     -0.3804849449883121      0.27372532702370794
 0.9083891681454638     -0.38404973760710903     0.16533275005244222
 0.9209121960618261     -0.3858473757785603      0.055159131151455876
 0.9209121959798794     -0.38584737597968916    -0.055159131112669554
 0.908389168146633      -0.38404973756553296    -0.1653327501425937
 0.8833491108878466     -0.3804849454942621     -0.27372532682577777
 0.8560381089115724     -0.4656643896089565      0.22440016118803666
 0.8758365138932553     -0.46927369280157183     0.11266144937681882
 0.8824977637288258     -0.47031659232225864    -2.6789520053323076E-10
 0.8758365139142325     -0.4692736928722482     -0.11266144891935091
 0.8560381090170147     -0.4656643891534477     -0.2244001617310465
 0.8203011378700729     -0.5455466816803706      0.1717115643065433
 0.8342367356650984     -0.5483896044197486      0.0576013075475941
 0.8342367360037785     -0.5483896038866081     -0.05760130771824037
 0.8203011375189401     -0.5455466823256369     -0.171711563933894
 0.776045942998901      -0.6197691400364816      0.11678573291882138
 0.7833457097439461     -0.6215862764136233      6.463037995560143E-10
 0.7760459431193417     -0.619769139605343      -0.11678573440649509
 0.7237187681684587     -0.6875536858690448      0.05916987112221672
 0.7237187670671993     -0.6875536870608209     -0.059169870743509705
 0.6631450485915596     -0.7484909114535044     -1.6568628057612733E-9
 0.7484909110636528      6.727958547142616E-10  -0.6631450490315848
 0.6875536867182129      0.059169869717971176   -0.7237187674765329
 0.6197691394448709      0.11678573430852142    -0.7760459432622425
 0.5455466822640741      0.1717115635626582     -0.8203011376375927
 0.4656643892359329      0.22440016176685063    -0.8560381089627591
 0.38048494529825666     0.27372532680580797    -0.8833491109784604
 0.2909854189862341      0.31998524829021724    -0.9016301496811505
 0.1972630392070866      0.3621861523949421     -0.9109931308062268
 0.10027611299417144     0.4006187763468808     -0.9107410703383854
 0.6875536862384662     -0.059169869877261534   -0.7237187679192829
 0.6215862769505779     -2.743372342103082E-10  -0.7833457093178717
 0.5483896038836573      0.057601308139706785   -0.8342367359766172
 0.46927369310822853     0.11266144892407451    -0.8758365137871864
 0.38404973740692433     0.16533275024573382    -0.9083891681949178
 0.2942570984995765      0.2146638347207009     -0.9313067153444209
 0.19959213119017577     0.2608067258422625     -0.9445331296055224
 0.1015241813597806      0.3030162847209828     -0.947562120281894
 0.6197691395833896     -0.1167857337025919     -0.7760459432428031
 0.5483896041375445     -0.05760130805611377    -0.834236735815495
 0.4703165922258083      1.141510549512536E-10  -0.8824977637802279
 0.38584737592863827     0.055159131017148824   -0.9209121960069903
 0.29591306216717067     0.10778730921012153    -0.9491139845203471
 0.20105622321606478     0.15706252572827886    -0.9669062819725321
 0.10202213110345158     0.20319951370804673    -0.9738077029855142
 0.545546682098658      -0.17171156371008933    -0.8203011377167422
 0.46927369297437543    -0.11266144913939624    -0.8758365138312074
 0.38584737589789375    -0.05515913102814885    -0.9209121960192127
 0.29659802728919155    -1.4511543722482048E-11 -0.9550024137184994
 0.20175968386705198     0.052671301621737054   -0.978017772819768
 0.10264980023792235     0.10201376386335309    -0.9894726931520379
 0.4656643892170087     -0.2244001615508745     -0.8560381090296691
 0.38404973761690925    -0.16533275014439994    -0.9083891681245835
 0.29591306212320123    -0.10778730915278376    -0.9491139845405675
 0.20175968389867938    -0.05267130158101523    -0.9780177728154366
 0.10257729991778287    -2.4542748528143114E-11 -0.9947250361489739
 0.38048494545506034    -0.2737253268708163     -0.8833491108907762
 0.2942570982503577     -0.21466383478258663    -0.9313067154089
 0.20105622333523515    -0.1570625257985209     -0.9669062819363421
 0.10264980013522357    -0.10201376377464871    -0.9894726931718373
 0.2909854187044721     -0.3199852482405351     -0.9016301497897165
 0.1995921314710791     -0.26080672566276075    -0.9445331295957282
 0.10202213103943798    -0.20319951377522674    -0.9738077029782025
 0.19726303967414285    -0.3621861525388554     -0.9109931306478762
 0.10152418091232875    -0.3030162846434596     -0.947562120354626
 0.10027611260605362    -0.40061877635900867    -0.9107410703757839
-0.10027611331811108    -0.400618776631668      -0.9107410701774457
-0.10152418135857127    -0.3030162844444527     -0.9475621203704538
-0.1020221312418163     -0.2031995139200485     -0.973807702926781
-0.10264980025011312    -0.10201376368432871    -0.9894726931692305
-0.10257729995054753    -1.2394340085682484E-10 -0.994725036145595
-0.10264980022547736     0.10201376393478095    -0.9894726931459646
-0.10202213102301884     0.20319951361063035    -0.9738077030142682
-0.10152418116688908     0.30301628482969917    -0.9475621202677951
-0.10027611265461159     0.4006187762051129     -0.9107410704381335
-0.19726303914251855    -0.3621861525819663     -0.9109931307458524
-0.19959213105952153    -0.26080672572760283    -0.9445331296647915
-0.2010562232264404     -0.15706252579808963    -0.9669062819590347
-0.20175968379233084    -0.05267130161623912    -0.9780177728354785
-0.20175968389880325     0.052671301643393335   -0.9780177728120516
-0.20105622324053288     0.1570625256834892     -0.9669062819747197
-0.1995921313725923      0.2608067258468437     -0.9445331295657106
-0.19726303945146187     0.36218615234077073    -0.9109931307748478
-0.29098541909935355    -0.3199852483931732     -0.9016301496081045
-0.294257098580058      -0.2146638346037621     -0.931306715345946
-0.29591306219989705    -0.10778730928820146    -0.9491139845012766
-0.29659802735833407     8.525069122512002E-11  -0.9550024136970257
-0.29591306213457963     0.10778730910388658    -0.9491139845425731
-0.29425709840693837     0.2146638348145878     -0.9313067153520502
-0.290985418786108       0.3199852482096733     -0.9016301497743224
-0.38048494530512383    -0.2737253267652685     -0.8833491109880647
-0.3840497372870251     -0.1653327503211444     -0.9083891682318834
-0.3858473759339138     -0.05515913092919281    -0.920912196010048
-0.3858473758416446      0.055159130928246945   -0.9209121960487641
-0.3840497375281802      0.16533275027676725    -0.9083891681380045
-0.38048494536668737     0.27372532674758193    -0.883349110967028
-0.465664389190083      -0.2244001619086364     -0.8560381089505329
-0.46927369326743307    -0.11266144881073034    -0.8758365137164642
-0.47031659218585653    -1.619622630690929E-10  -0.8824977638015197
-0.4692736931324377      0.11266144912111327    -0.8758365137488695
-0.465664389187925       0.22440016159915238    -0.8560381090328346
-0.5455466823606587     -0.1717115632860163     -0.8203011376312669
-0.5483896037458298     -0.05760130840836333    -0.8342367360486688
-0.5483896040699648      0.05760130831604018    -0.8342367358419717
-0.5455466821179421      0.17171156344955993    -0.8203011377584531
-0.6197691392742813     -0.11678573457367739    -0.7760459433585765
-0.6215862772481465      3.473037292949434E-10  -0.7833457090817503
-0.6197691394449595      0.11678573379595711    -0.7760459433393067
-0.6875536867756183     -0.059169869102651755   -0.7237187674723033
-0.6875536861769683      0.05916986929614144    -0.7237187680252186
-0.748490910862027      -8.442162029272789E-10  -0.6631450492591598
-0.9107410704526866      0.10027611228255245    -0.40061877626515663
-0.9109931306462759      0.19726303989822097    -0.3621861524208378
-0.9016301498445397      0.29098541845631487    -0.31998524831172476
-0.8833491108587673      0.3804849456728466     -0.27372532667138416
-0.8560381090969844      0.46566438894766693    -0.22440016185300585
-0.8203011376007623      0.545546682416915      -0.17171156325301185
-0.7760459434168536      0.6197691392342088     -0.11678573439908406
-0.7237187676077972      0.687553686636993      -0.0591698690562256
-0.6631450493054287      0.7484909108210335     -4.0731136857314877E-10
-0.9475621203472075      0.10152418082046882    -0.30301628469743463
-0.9445331295482328      0.19959213153802224    -0.260806725783539
-0.9313067154203964      0.2942570982741436     -0.2146638347001038
-0.9083891681374267      0.38404973750560595    -0.1653327503323802
-0.8758365137566526      0.46927369317530165    -0.11266144888206248
-0.8342367359853048      0.5483896038386147     -0.05760130844271126
-0.783345709042141       0.6215862772980637      1.711788136747421E-10
-0.7237187679027681      0.6875536863195338      0.05916986913725194
-0.9738077029832684      0.10202213088274176    -0.20319951382962315
-0.9669062819471411      0.20105622343692792    -0.15706252560186199
-0.949113984564181       0.2959130620003265     -0.10778730928219188
-0.9209121959923943      0.385847375992311      -0.05515913081543258
-0.8824977638342102      0.47031659212451615    -1.0975322997304373E-10
-0.8342367359075815      0.5483896039568635      0.057601308442589524
-0.7760459433541553      0.6197691393876786      0.11678573400126897
-0.9894726931794188      0.1026498002482429     -0.10201376358738969
-0.9780177728173635      0.20175968381103312    -0.052671301880967955
-0.955002413671588       0.29659802744023983     1.812132073433362E-10
-0.9209121960845305      0.3858473757768056      0.0551591307846688
-0.8758365136561937      0.4692736933155238      0.1126614490789621
-0.82030113781521        0.5455466820794611      0.1717115633006793
-0.9947250361705166      0.10257729970887493    -3.9780575996912443E-10
-0.9780177727787773      0.2017596839496342      0.052671302066530076
-0.9491139845750992      0.295913062079168       0.1077873089696031
-0.9083891681696736      0.38404973734366893     0.1653327505313673
-0.8560381089779411      0.46566438928263293     0.22440016161202536
-0.9894726930513066      0.10264980060400276     0.10201376447202151
-0.9669062821288451      0.20105622295366327     0.1570625251018874
-0.931306715164345       0.29425709887227647     0.21466383499105973
-0.8833491112082834      0.3804849449802959      0.2737253265061116
-0.9738077031961007      0.10202213072722797     0.20319951288773172
-0.944533129401877       0.1995921311082411      0.2608067266424849
-0.9016301497588822      0.29098541907086845     0.319985247994227
-0.9475621198754617      0.10152418218115818     0.30301628571673883
-0.9109931312998859      0.19726303863872846     0.362186151462814
-0.9107410707965997      0.10027611259609602     0.40061877540484536
-0.8104649585298128      0.16225016023118388     0.5628689336783689
-0.8094689502201022      0.26000843256397443     0.5264557280771014
-0.7996080187557907      0.35403856426154473     0.4850605233958573
-0.7806993111305427      0.4439260102477521      0.4398161923188014
-0.7534608088961674      0.5290606473823789      0.3903737194649138
-0.7176513378806736      0.608987747365962       0.3378024286416702
-0.6740238118658521      0.6828222842942646      0.2818610102674522
-0.622194587279363       0.7502990806178139      0.2234394441103134
-0.5628689358297974      0.8104649572113327      0.16225015935358597
-0.7502990800131119      0.22343944524172296     0.6221945876022621
-0.7449409977622528      0.3229468520303591      0.5837535786756775
-0.7302504917930945      0.41851667852403573     0.539979637609746
-0.706629484142454       0.5087440795031223      0.491786776673682
-0.6740768298151861      0.5939680354706195      0.43911547495559927
-0.6331805124430225      0.6726491836788112      0.3829171116033078
-0.5837535777831535      0.7449409982987127      0.32294685240622023
-0.5264557279059465      0.809468949906183       0.2600084338878288
-0.6828222850986352      0.28186101049503615     0.6740238109558113
-0.6726491840344575      0.38291711110928883     0.6331805123639667
-0.653200922602015       0.478797392447707       0.5865847012130072
-0.6243141688813466      0.5691550376633493      0.5350648200325122
-0.5865847016477447      0.6532009223601256      0.47879739224509926
-0.5399796377438603      0.7302504920089344      0.418516677974389
-0.4850605244794023      0.7996080183754813      0.3540385636359448
-0.6089877470007282      0.33780242898429064     0.7176513380293318
-0.5939680350911656      0.4391154748892207      0.6740768301927862
-0.5691550375719716      0.5350648201913717      0.6243141688285013
-0.5350648199940627      0.6243141687279239      0.5691550378677874
-0.4917867762263688      0.7066294842892941      0.5087440797315695
-0.43981619206033024     0.7806993109575424      0.44392601080807303
-0.5290606476992906      0.39037371970108836     0.7534608085512764
-0.5087440797274562      0.49178677636660584     0.7066294841946559
-0.4787973925587945      0.5865847014725998      0.6532009222874697
-0.4391154749982282      0.6740768299708789      0.5939680352624133
-0.39037371997322906     0.7534608087897552      0.5290606471588591
-0.44392601029622136     0.4398161924314165      0.7806993110395385
-0.4185166781836179      0.5399796374805217      0.7302504920837467
-0.38291711126841976     0.6331805126032565      0.6726491837186199
-0.3378024286570178      0.7176513377149526      0.6089877475527394
-0.354038564205742       0.48506052396094107     0.7996080184377056
-0.3229468520677353      0.5837535781004227      0.744940998196833
-0.2818610105970443      0.6740238116582201      0.6828222843631695
-0.26000843320249173     0.5264557284157787      0.8094689497947388
-0.223439444673545       0.6221945869821806      0.7502990806965256
-0.16225015999265435     0.5628689350782556      0.810464957605342
 0.1622501594160692      0.5628689353354528      0.8104649575421471
 0.22343944419709133     0.6221945876062861      0.7502990803208669
 0.28186101037619726     0.6740238115757119      0.6828222845357778
 0.33780242857090925     0.7176513379809395      0.608987747287056
 0.3903737198762877      0.7534608087349957      0.5290606473083744
 0.4398161920635396      0.7806993110442642      0.4439260106523817
 0.4850605244044638      0.799608018374205       0.354038563741499
 0.5264557279426701      0.8094689499183386      0.26000843377562866
 0.5628689357472785      0.8104649572504429      0.16225015944449508
 0.2600084336393245      0.5264557276484086      0.8094689501535001
 0.3229468525708374      0.5837535780246337      0.7449409980381182
 0.3829171113686235      0.6331805123069625      0.6726491839404859
 0.43911547511828786     0.674076830000358       0.593968035140199
 0.49178677628008155     0.7066294841785977      0.5087440798334009
 0.5399796377467925      0.7302504920280967      0.4185166779371709
 0.5837535778522649      0.7449409982354868      0.32294685242713916
 0.6221945872530021      0.7502990806309499      0.22343944413960995
 0.3540385637212722      0.48506052430184027     0.7996080184454147
 0.4185166779437668      0.539979637843922       0.7302504919524947
 0.47879739239149754     0.5865847014976685      0.653200922387586
 0.5350648199780998      0.6243141688793711      0.5691550377166699
 0.586584701579382       0.6532009223310388      0.47879739236853386
 0.6331805124407954      0.6726491837649204      0.38291711145572743
 0.6740238118374282      0.6828222842703844      0.2818610103932739
 0.4439260106280805      0.43981619197459837     0.7806993111081888
 0.5087440798676661      0.491786776315212       0.7066294841294789
 0.5691550376851969      0.5350648199740289      0.6243141689115521
 0.6243141688849834      0.5691550377411824      0.5350648199454768
 0.6740768299023353      0.5939680352765094      0.4391154750843806
 0.7176513378451529      0.6089877474735051      0.337802428523255
 0.5290606473211206      0.3903737198452152      0.7534608087421444
 0.5939680351392538      0.4391154751173474      0.6740768300018037
 0.6532009224286287      0.47879739235375324     0.5865847014827735
 0.7066294841722128      0.508744079759343       0.49178677636586765
 0.7534608088523139      0.5290606471822172      0.39037371982082836
 0.6089877472693901      0.3378024285785768      0.7176513379923213
 0.6726491839437992      0.3829171113589491      0.6331805123092931
 0.7302504919210994      0.4185166780338675      0.5399796378165465
 0.7806993110713822      0.4439260106632315      0.43981619200445243
 0.6828222845792876      0.2818610103757903      0.6740238115318039
 0.7449409980278959      0.32294685248300686     0.5837535780862687
 0.7996080184960355      0.354038563734781       0.4850605242085334
 0.7502990803081133      0.22343944431269258     0.6221945875801512
 0.8094689501370945      0.2600084335405176      0.5264557277224323
 0.8104649576350821      0.1622501595023585      0.5628689351767636
 0.9107410705791085      0.10027611231460566     0.4006187759697338
 0.9109931308282704      0.19726303956312224     0.36218615214558325
 0.9016301498445122      0.29098541860757227     0.3199852481742533
 0.8833491109557619      0.38048494545777883     0.27372532665731897
 0.8560381090721094      0.46566438907522933     0.2244001616831874
 0.8203011377018252      0.5455466822341138      0.17171156335099216
 0.7760459433772681      0.6197691393493491      0.11678573405109491
 0.7237187678429963      0.687553686377972       0.05916986918927996
 0.6631450492814249      0.7484909108423005     -2.90514097780971E-10
 0.9475621202001303      0.10152418117161527     0.3030162850397101
 0.9445331295028424      0.1995921314619649      0.2608067260061299
 0.9313067153484947      0.2942570983996418      0.2146638348400154
 0.9083891681289887      0.38404973751972177     0.16533275034595088
 0.8758365137413593      0.4692736931663379      0.11266144903829083
 0.8342367359040312      0.5483896039686175      0.0576013083821063
 0.7833457090607726      0.6215862772745835      1.267346612548795E-10
 0.7237187676613146      0.6875536865754089     -0.05916986911725231
 0.9738077030562758      0.102022130856166       0.20319951349308743
 0.9669062819966826      0.20105622327146144     0.15706252550869032
 0.9491139845653485      0.29591306205441276     0.10778730912342512
 0.9209121960370756      0.3858473758803496      0.055159130852640716
 0.8824977638155028      0.47031659215961874    -5.7612683501067525E-11
 0.8342367359941991      0.548389603826704      -0.057601308427288146
 0.7760459433529443      0.6197691393292244     -0.11678573431952732
 0.9894726931361939      0.10264980031049768     0.10201376394400097
 0.9780177728056271      0.2017596838814825      0.05267130182903337
 0.9550024136767311      0.2965980274236789      1.5072312348247736E-11
 0.9209121960439227      0.38584737586389584    -0.055159130853422805
 0.8758365136814273      0.4692736933087108     -0.1126614489111713
 0.820301137718217       0.5455466822273781     -0.17171156329408666
 0.9947250361585003      0.10257729982540179    -1.0479494793401397E-11
 0.9780177728169032      0.201759683821248      -0.05267130185038473
 0.9491139845242937      0.29591306216467606    -0.1077873091822192
 0.9083891682189011      0.38404973727544267    -0.16533275041937723
 0.8560381089449406      0.4656643892606043     -0.2244001617836285
 0.9894726931227374      0.10264980043707687    -0.10201376394715299
 0.9669062820336084      0.201056223099677      -0.15706252550126978
 0.9313067152599925      0.29425709875440087    -0.21466383473767975
 0.8833491110976993      0.3804849451227507     -0.2737253266649654
 0.9738077030223845      0.10202213107495278    -0.2031995135456595
 0.9445331295691205      0.19959213100880194    -0.2608067261128981
 0.9016301496377015      0.29098541917235626    -0.31998524824339036
 0.9475621201726296      0.10152418177355965    -0.30301628492402877
 0.9109931309875307      0.19726303883547083    -0.3621861521413144
 0.9107410703917728      0.10027611316528307    -0.40061877618268366
 0.8104649578024268      0.16225016000988224    -0.5628689347895104
 0.8094689498663913      0.26000843310827276    -0.5264557283521402
 0.7996080185610482      0.354038564111701      -0.4850605238262534
 0.7806993109867583      0.44392601044900915    -0.439816192370889
 0.7534608088620569      0.5290606473011782     -0.39037371964079914
 0.717651337739114       0.6089877474948746     -0.3378024287100069
 0.6740238118544989      0.6828222842481747     -0.28186101040625644
 0.6221945870002592      0.7502990807690789     -0.22343944437957167
 0.5628689356334714      0.8104649572880175     -0.1622501596516166
 0.7502990805418315      0.22343944481959072    -0.6221945871162778
 0.7449409981258688      0.3229468519939786     -0.5837535782317859
 0.7302504919560269      0.4185166783675749     -0.539979637510668
 0.7066294842580446      0.5087440794979571     -0.4917867765129376
 0.6740768298782835      0.5939680354550033     -0.4391154748798626
 0.6331805125835431      0.6726491836051907     -0.38291711150027236
 0.5837535778792987      0.7449409983357949     -0.32294685214689206
 0.5264557282645547      0.8094689497548119     -0.2600084336329865
 0.6828222845500793      0.2818610105224815     -0.6740238115000508
 0.6726491837526883      0.3829171112962897     -0.6331805125502101
 0.6532009224434092      0.4787973924351784     -0.5865847013998517
 0.6243141687803679      0.5691550377145628     -0.5350648200958579
 0.5865847015654332      0.6532009223574252     -0.47879739234962493
 0.5399796375794864      0.7302504920374023     -0.41851667813679566
 0.48506052425898166     0.7996080184079621     -0.3540385638645794
 0.6089877473798435      0.337802428794808      -0.717651337796811
 0.5939680352818411      0.4391154748977144     -0.6740768300192377
 0.5691550377012118      0.5350648201295841     -0.6243141687636344
 0.5350648200754083      0.6243141687436203     -0.5691550377740965
 0.49178677634041174     0.7066294842891774     -0.5087440796214902
 0.4398161922497754      0.7806993109460338     -0.44392601064062115
 0.5290606473701059      0.39037371979718977    -0.7534608087326304
 0.50874407964928        0.49178677636242313    -0.7066294842538507
 0.478797392437434       0.5865847015078566     -0.6532009223447658
 0.4391154749448546      0.674076829951733      -0.5939680353236
 0.39037371983238467     0.7534608087941885     -0.5290606472564692
 0.44392601054937386     0.43981619227529006    -0.7806993109835453
 0.4185166781567318      0.539979637580662      -0.7302504920251074
 0.38291711138562373     0.6331805125458737     -0.6726491837059154
 0.3378024286891683      0.7176513377707124     -0.6089877474691968
 0.354038563955178       0.48506052414267303    -0.7996080184384038
 0.32294685218378116     0.5837535780099818     -0.7449409982173963
 0.28186101047927403     0.6740238117046248     -0.682822284365977
 0.26000843346237834     0.526455728195789      -0.809468949854336
 0.22343944447817968     0.6221945871266841     -0.7502990806348742
 0.1622501597410367      0.5628689353248499     -0.8104649574844541
-0.1622501595451008      0.5628689353978881     -0.8104649574729542
-0.22343944432333268     0.622194587344889      -0.7502990805000389
-0.2818610103984102      0.6740238116636152     -0.6828222844398378
-0.3378024286689928      0.7176513378701439     -0.6089877473632146
-0.39037371979337        0.7534608087631111     -0.5290606473295157
-0.4398161922722741      0.7806993109742147     -0.4439260105687708
-0.48506052423913004     0.7996080183920641     -0.3540385639276841
-0.526455728328872       0.8094689497249206     -0.260008433595818
-0.5628689356657385      0.8104649572547081     -0.162250159706062
-0.2600084335946671      0.526455727928486      -0.80946894998569
-0.32294685235739234     0.5837535780013476     -0.7449409981488985
-0.38291711140572904     0.6331805124320994     -0.6726491838015685
-0.43911547498500486     0.6740768299830752     -0.5939680352583482
-0.49178677635200496     0.7066294842419303     -0.5087440796759081
-0.5399796375625922      0.7302504920718057     -0.41851667809856424
-0.583753577890518       0.7449409983225633     -0.32294685215713437
-0.6221945869318082      0.7502990808306786     -0.22343944436333313
-0.35403856379127063     0.48506052423546175    -0.7996080184546884
-0.41851667806909815     0.539979637729786      -0.7302504919650624
-0.47879739237593816     0.5865847014893568     -0.6532009224064556
-0.5350648200719537      0.6243141688271965     -0.5691550376856686
-0.5865847015464454      0.6532009223077188     -0.4787973924406994
-0.63318051259291        0.6726491836534234     -0.3829171114000557
-0.6740238118918599      0.6828222841671202     -0.2818610105132725
-0.44392601062140385     0.4398161920863353     -0.7806993110490372
-0.5087440797294895      0.49178677638277535    -0.7066294841819386
-0.5691550377119383      0.5350648200019451     -0.624314168863248
-0.624314168792527       0.5691550378123771     -0.5350648199776245
-0.6740768299125366      0.593968035307125      -0.4391154750273089
-0.7176513376950984      0.6089877476363388     -0.3378024285484856
-0.5290606472480337      0.390373719794784      -0.7534608088195929
-0.5939680352701532      0.4391154750804761     -0.6740768299104798
-0.6532009223687097      0.478797392302533      -0.5865847015913055
-0.7066294842479405      0.508744079756004      -0.49178677626051165
-0.7534608088654666      0.5290606470609895     -0.3903737199597379
-0.6089877473747836      0.3378024285320205     -0.7176513379248004
-0.6726491838129646      0.3829171115114426     -0.6331805123560625
-0.7302504919736124      0.4185166779245838     -0.5399796378302308
-0.7806993109880361      0.4439260108644686     -0.4398161919492794
-0.6828222843489586      0.28186101031752286    -0.6740238117895057
-0.744940998188635       0.3229468525702248     -0.5837535778328945
-0.7996080183969541      0.3540385635437108     -0.48506052451132553
-0.7502990804777819      0.22343944399814275    -0.6221945874885089
-0.8094689500397282      0.260008433940138      -0.5264557276747751
-0.8104649572537681      0.16225015923955066    -0.5628689358015668
-0.4006187764189156      0.9107410703433166      0.10027611266159481
-0.30301628459177293     0.9475621203709439      0.10152418091429483
-0.20319951382736937     0.9738077029648194      0.10202213106332819
-0.10201376375591743     0.9894726931783373      0.10264980009118377
-2.4146595782825124E-11  0.9947250361475006      0.10257729993206738
 0.10201376380745189     0.9894726931713426      0.10264980010739168
 0.20319951378275353     0.973807702972527       0.10202213107862122
 0.3030162846287384      0.9475621203516542      0.10152418098400277
 0.40061877639802024     0.9107410703448559      0.10027611273109466
-0.3621861525615437      0.9109931306415169      0.19726303966185504
-0.2608067256501054      0.9445331296100264      0.1995921314199526
-0.15706252583342298     0.9669062819257498      0.2010562233589101
-0.05267130153688365     0.9780177728170262      0.20175968390249494
 0.05267130154268865     0.9780177728118031      0.20175968392629726
 0.15706252582575445     0.9669062819356024      0.20105622331751835
 0.260806725671688       0.9445331296054628      0.19959213141334836
 0.3621861525441055      0.9109931306673167      0.1972630395747235
-0.319985248325713       0.9016301497648495      0.2909854186878557
-0.21466383470469902     0.9313067154172259      0.29425709828082647
-0.10778730923690509     0.9491139845365478      0.2959130621054525
 4.1667600663523866E-11  0.9550024137318138      0.2965980272463215
 0.10778730915243791     0.9491139845397173      0.29591306212605434
 0.21466383477559361     0.9313067153984153      0.2942570982886422
 0.31998524825519026     0.9016301497647209      0.2909854187658053
-0.27372532680281114     0.8833491108744643      0.3804849455418541
-0.16533275021271704     0.9083891681585617      0.3840497375071298
-0.055159131006179155    0.9209121959813122      0.3858473759914922
 0.05515913101653524     0.9209121960151528      0.3858473759092439
 0.16533275017368215     0.9083891681293274      0.3840497375930819
 0.2737253268513928      0.8833491109085887      0.3804849454276794
-0.22440016181831154     0.8560381090318734      0.4656643890840809
-0.1126614489082338      0.8758365138086104      0.46927369307204647
-1.2333766868094473E-10  0.8824977638015258      0.4703165921858451
 0.11266144912610901     0.8758365138140469      0.4692736930095934
 0.22440016157563575     0.8560381090300951      0.46566438920429304
-0.1717115634698261      0.8203011375882262      0.5455466823675217
-0.05760130821845307     0.8342367359721914      0.5483896038821185
 0.05760130814153166     0.8342367358158539      0.5483896041280266
 0.17171156362181159     0.8203011377193822      0.5455466821224741
-0.11678573439277092     0.776045943320791       0.6197691393556838
 2.808601905541289E-10   0.7833457092484799      0.6215862770380279
 0.11678573374501042     0.7760459432855805      0.6197691395218327
-0.05916986950014722     0.7237187674722974      0.6875536867414166
 0.059169869662295954    0.7237187679380058      0.6875536862372579
-7.112243416269067E-10   0.6631450491212505      0.7484909109842112
 0.40061877655378        0.9107410702275157     -0.10027611317453372
 0.30301628451038354     0.9475621203593111     -0.1015241812657888
 0.20319951385511356     0.9738077029419138     -0.1020221312267046
 0.1020137637644511      0.9894726931645762     -0.10264980021535104
-7.18239182485274E-12    0.9947250361376687     -0.10257730002741136
-0.10201376374750659     0.9894726931658859     -0.10264980021956367
-0.2031995138835658      0.9738077029319017     -0.1020221312656032
-0.30301628446514484     0.9475621203703882     -0.10152418129742402
-0.4006187766112973      0.9107410701900307     -0.10027611328519392
 0.36218615257732606     0.9109931307275779     -0.19726303923543376
 0.2608067256986827      0.9445331296531675     -0.19959213115232005
 0.15706252583546632     0.9669062819546979     -0.20105622321809793
 0.05267130154163784     0.9780177728342014     -0.20175968381799655
-0.05267130153646247     0.9780177728349232     -0.20175968381584983
-0.15706252585407368     0.966906281954545      -0.20105622320429758
-0.26080672567766683     0.94453312966549       -0.19959213112146815
-0.36218615261572384     0.9109931307242158     -0.19726303918045937
 0.31998524833387415     0.9016301496505293     -0.290985419033107
 0.21466383467342715     0.9313067153566245     -0.29425709849543913
 0.10778730921814925     0.9491139845032901     -0.2959130622189554
-6.635021030247275E-12   0.9550024137013758     -0.2965980273443269
-0.10778730920208081     0.9491139844998201     -0.29591306223593844
-0.21466383467695468     0.9313067153514859     -0.29425709850912996
-0.3199852483256336      0.9016301496324858     -0.29098541909807774
 0.27372532682226547     0.883349110971482      -0.3804849453026183
 0.16533275024685742     0.908389168203775      -0.38404973738549003
 0.05515913099309115     0.9209121960279661     -0.3858473758820136
-0.05515913099725313     0.9209121960383545     -0.38584737585662465
-0.16533275022736107     0.9083891681999893     -0.3840497374028378
-0.2737253268505457      0.8833491109839403     -0.38048494525334897
 0.22440016175933264     0.8560381089623117     -0.46566438924037856
 0.11266144894802863     0.875836513752399      -0.4692736931674038
 4.022929200894403E-11   0.8824977637754554     -0.47031659223476313
-0.11266144901213287     0.8758365137536889     -0.46927369314960643
-0.2244001616789513      0.8560381089551518     -0.46566438929227605
 0.1717115634655842      0.8203011376781008     -0.5455466822337186
 0.05760130826172418     0.8342367359622997     -0.5483896038926211
-0.05760130823265098     0.8342367359119112     -0.5483896039723284
-0.17171156351904945     0.8203011377218363     -0.5455466821511283
 0.11678573422005799     0.7760459433029301     -0.6197691394105933
-9.08877377761468E-11    0.783345709170965      -0.621586277135715
-0.11678573400089114     0.7760459432909363     -0.6197691394669096
 0.05916986941579232     0.7237187676541215     -0.6875536865572883
-0.059169869469581415    0.7237187678075352     -0.687553686391176
 2.379602199021395E-10   0.6631450491646667     -0.7484909109457455
 0.43602905642473583     0.8999325874493903      2.334633197016463E-10
 0.34373652751287964     0.9390661316719857      1.7027055785545148E-10
 0.2471242097900159      0.9689838104610727      7.112550931176307E-11
 0.14983860040964653     0.9887104701717679      5.901626439717733E-11
 0.04945431381893401     0.9987763868077272      3.410526565959898E-11
-0.049454313834752975    0.9987763868069438      4.3845810173258686E-11
-0.1498386003646417      0.9887104701785883      6.521704159213119E-11
-0.24712420986307948     0.968983810442439       9.881262075172414E-11
-0.34373652741090427     0.9390661317093127      2.2181356613633949E-10
-0.43602905654098717     0.899932587393065       3.171620867431878E-10
-0.49610899196963576     0.8628011452788008     -0.09721137686742852
-0.4620556573871778      0.8659408877994526     -0.19144437394083727
-0.42299456984193423     0.8602899504586792     -0.2845642195077247
-0.380447637833387       0.8461862466919068     -0.3731332614180347
-0.3333660343510111      0.8233092940977416     -0.45937881252116874
-0.283911719617638       0.7927448467113769     -0.539397574592537
-0.23060903843137953     0.7535808996831388     -0.6155772080141578
-0.1758703584514683      0.7075587883128193     -0.6844195921358821
-0.11831913133789615     0.6535000326734762     -0.7476217562746628
-0.06007993275894527     0.5933203665747588     -0.8027212120576324
 0.06007993282539797     0.5933203670598739     -0.8027212116940926
 0.11831913089537724     0.6535000325024473     -0.7476217564941934
 0.17587035858211966     0.7075587885377819     -0.684419591869741
 0.23060903825312018     0.7535808995998403     -0.6155772081829104
 0.2839117196788897      0.7927448467798506     -0.5393975744596625
 0.3333660343206379      0.8233092940855102     -0.45937881256513097
 0.38044763783030494     0.8461862466902078     -0.3731332614250299
 0.42299456989288464     0.8602899504574109     -0.2845642194358227
 0.4620556573763927      0.8659408877765404     -0.1914443740705028
 0.4961089920835799      0.862801145228812      -0.09721137672960474
 0.8628011450052215      0.09721137813097117    -0.4961089921978395
 0.865940887560303       0.19144437312760296    -0.4620556581723177
 0.86028995027785        0.2845642202816561     -0.4229945696890533
 0.8461862467439825      0.3731332608736478     -0.3804476382514816
 0.8233092939174936      0.45937881301659994    -0.33336603411346166
 0.7927448469011802      0.5393975741374772     -0.28391171995222253
 0.7535808993818788      0.6155772085314749     -0.23060903803493013
 0.7075587887554539      0.6844195915590611     -0.17587035891543304
 0.6535000320771762      0.7476217569112387     -0.11831913060905408
 0.5933203674168319      0.8027212113898456     -0.06007993336526191
 0.8628011447613648      0.09721137604361699     0.49610899303095146
 0.865940887481723       0.19144437506525513     0.46205565751675415
 0.8602899504034535      0.2845642189147489      0.42299457035316956
 0.846186246513877       0.37313326189299084     0.3804476377635333
 0.8233092941241994      0.45937881233043176     0.33336603454850405
 0.7927448466722649      0.5393975746233032      0.28391171966839546
 0.7535808995821442      0.6155772081472085      0.23060903840624847
 0.707558788440118       0.6844195919378331      0.1758703587100513
 0.6535000323093332      0.7476217566147862      0.11831913119999399
 0.5933203668172141      0.8027212118388205      0.06007993328809213
 0.4961089925311045      0.8628011450775662      0.09721137578808976
 0.46205565711315993     0.8659408877080584      0.19144437501557895
 0.4229945702375877      0.8602899505068601      0.28456421877394
 0.380447637573198       0.8461862465439134      0.3731332620189415
 0.33336603463592307     0.8233092942244259      0.45937881208736464
 0.2839117193935199      0.7927448465276232      0.5393975749805612
 0.23060903876329825     0.7535808998876826      0.615577207639414
 0.17587035816199        0.7075587879761345      0.6844195925583347
 0.11831913191721406     0.6535000330504427      0.7476217558534711
 0.060079932428225735    0.593320365937413       0.8027212125534705
-0.06007993261789111     0.5933203673925852      0.8027212114637046
-0.11831913058953075     0.6535000325631247      0.7476217564895583
-0.175870358527335       0.7075587886329636      0.6844195917854192
-0.23060903822112436     0.7535808996595655      0.6155772081217822
-0.2839117195668933      0.7927448467355686      0.5393975745836921
-0.3333660344910147      0.8233092941910853      0.4593788122522768
-0.3804476375742675      0.8461862465772642      0.37313326194221846
-0.422994570254769       0.8602899505261324      0.2845642186901371
-0.4620556570243251      0.8659408877250815      0.19144437515298562
-0.49610899258214003     0.8628011450749458      0.09721137555089249
-0.8628011444834361      0.09721137905768566     0.49610899292370786
-0.865940887165885       0.19144437290642455     0.46205565900314005
-0.8602899500713309      0.2845642207030285      0.42299456982560074
-0.8461862466586704      0.3731332607813598      0.3804476385317455
-0.8233092938383622      0.459378813102946       0.3333660341899072
-0.7927448468091979      0.5393975742560686      0.2839117199837486
-0.7535808994229152      0.6155772083915121      0.2306090382744428
-0.707558788474752       0.6844195918734387      0.17587035882131075
-0.6535000322256914      0.7476217566850262      0.1183191312181417
-0.5933203667640646      0.8027212118716957      0.060079933373731985
-0.5933203675807528      0.8027212112608458     -0.06007993347000894
-0.6535000320209428      0.7476217569754809     -0.11831913051371531
-0.7075587887826269      0.6844195915300346     -0.17587035891906977
-0.7535808994839512      0.6155772083691382     -0.230609038134713
-0.792744846755492       0.539397574485463      -0.2839117196978862
-0.8233092941824875      0.45937881223721144    -0.3333660345330084
-0.8461862465088251      0.3731332621275318     -0.380447637544738
-0.8602899505313832      0.28456421837960455    -0.42299457045299604
-0.8659408876349219      0.19144437572641573    -0.4620556569557032
-0.862801144920477       0.09721137498123081    -0.4961089929624061
-0.8027212122814209      0.060079933146678526   -0.5933203662327265
-0.7476217563327432      0.1183191317234878     -0.6535000325372176
-0.6844195922394124      0.1758703585489543     -0.7075587881884438
-0.6155772079715813      0.23060903859833445    -0.753580899666827
-0.5393975747300126      0.2839117196064613     -0.7927448466218388
-0.459378812335269       0.3333660345389264     -0.8233092941253787
-0.37313326178761064     0.38044763775881946    -0.8461862465624649
-0.2845642190674857      0.4229945701958048     -0.860289950430306
-0.19144437474735984     0.46205565741529736    -0.8659408876061401
-0.09721137622009236     0.496108992661261      -0.8628011449540529
 3.7763714359086117E-10 -0.4360290564575269     -0.8999325874335027
 2.7487580718023733E-10 -0.34373652750528805    -0.9390661316747648
 1.0292233829693474E-10 -0.24712420975511828    -0.9689838104699728
 7.893104654822664E-11  -0.1498386004986996     -0.988710470158272
 1.3435471887396796E-11 -0.04945431366111221    -0.9987763868155414
 1.3365687192932027E-11  0.04945431356431521    -0.9987763868203343
-3.47792598501864E-11    0.1498386007761058     -0.988710470116231
-4.2259814503411206E-11  0.24712420930434809    -0.9689838105849348
-1.3092138200104474E-10  0.34373652815855515    -0.9390661314356422
-1.7802830902233248E-10  0.43602905572584105    -0.8999325877880138
 0.09721137696319018     0.49610899229543204    -0.8628011450806793
 0.1914443740378268      0.46205565760335354    -0.8659408876626611
 0.28456421952924654     0.4229945699250577     -0.8602899504106892
 0.37313326142891334     0.3804476378854295     -0.8461862466637113
 0.4593788125351916      0.33336603432379164    -0.8233092941009386
 0.5393975745386448      0.28391171960677175    -0.7927448467519376
 0.615577208021233       0.23060903825670281    -0.7535808997308134
 0.6844195919880763      0.175870358318259      -0.7075587884889016
 0.7476217561779085      0.11831913076583898    -0.6535000328877392
 0.8027212117064828      0.06007993216969853    -0.5933203671095076
 0.8999325882367475     -5.485531853369156E-10  -0.4360290547996869
 0.939066131110997      -3.7805681959360915E-10 -0.34373652904546503
 0.9689838107589687     -1.5385680259711328E-10 -0.24712420862195494
 0.9887104700263585     -9.058459102861348E-11  -0.14983860136913063
 0.9987763868465854     -2.387564219695483E-11  -0.04945431303415089
 0.9987763868443015      1.0159841159520619E-11  0.04945431308028044
 0.988710470043555       6.230747090467093E-11   0.14983860125565876
 0.9689838107086814      1.1203909192576305E-10  0.24712420881913208
 0.9390661312123847      2.6553566304549874E-10  0.34373652876848065
 0.8999325880843776      3.930838113908528E-10   0.43602905511416806
 0.8027212125003106      0.06007993226352607     0.5933203660260125
 0.7476217558084043      0.11831913180360573     0.6535000331225697
 0.6844195925492554      0.17587035812428647     0.7075587879942883
 0.6155772076175269      0.23060903874437919     0.7535808999113508
 0.5393975750165669      0.2839117193945538      0.7927448465027541
 0.4593788120248578      0.33336603469984977     0.8233092942334181
 0.37313326218525544     0.3804476376023308      0.8461862464574775
 0.2845642186146744      0.422994570460181       0.8602899504500948
 0.19144437544296852     0.4620556573296915      0.8659408874980314
 0.09721137559772709     0.4961089931170369      0.8628011447621042
-9.067286694066488E-11  -0.436029052418734       0.8999325893903503
-6.763906799463257E-11  -0.343736531258668       0.9390661303008744
-1.3447966975637042E-11 -0.24712420696624943     0.9689838111812303
-8.777421731554794E-12  -0.14983860256204473     0.988710469845573
 3.195583766281477E-11  -0.04945431227689717     0.9987763868840808
 3.8306677649064615E-11  0.04945431272766417     0.998776386861761
 1.1726162801869697E-10  0.1498386013855817      0.9887104700238653
 1.603720870595929E-10   0.24712420891225156     0.9689838106849329
 3.9762564349651144E-10  0.3437365285808219      0.9390661312810753
 5.571751090743271E-10   0.4360290553769419      0.89993258795706
-0.09721137787991548     0.49610899202679815     0.8628011451318565
-0.1914443733042518      0.4620556579198836      0.8659408876559448
-0.28456422000952775     0.42299456970468047     0.8602899503601801
-0.37313326124502777     0.3804476379771119      0.8461862467035767
-0.45937881244680107     0.33336603433449247     0.8233092941459246
-0.5393975749451054      0.2839117192953558      0.7927448465869043
-0.6155772072782397      0.2306090386784392      0.7535809002086831
-0.6844195929036453      0.1758703573589765      0.707558787841713
-0.7476217548421313      0.11831913160572122     0.65350003426384
-0.8027212127235506      0.06007993032052441     0.5933203659207337
-0.8999325894437569     -4.3571183410818437E-10  0.43602905230850675
-0.9390661302719276     -3.0431311568654567E-10  0.34373653133774856
-0.9689838111978514     -1.1244797373183635E-10  0.2471242069010782
-0.9887104698482431     -6.906893914511912E-11   0.14983860254442538
-0.9987763868793712      6.536625015442099E-12   0.04945431237201261
-0.9987763868493745      3.1231498992796334E-11 -0.04945431297782059
-0.9887104700881377      1.2456786358758051E-10 -0.1498386009614803
-0.9689838105295002      1.86363876553605E-10   -0.24712420952170874
-0.9390661315905561      4.624024938116612E-10  -0.34373652773534064
-0.8999325875086138      6.593919253908438E-10  -0.4360290563025028
-0.5933203665971194     -0.8027212121341657     -0.06007993151556956
-0.6535000333896656     -0.7476217556808322     -0.11831913113447069
-0.7075587882469628     -0.6844195923233509     -0.17587035798686307
-0.7535808998782717     -0.615577207795055      -0.23060903837858918
-0.792744846738745      -0.5393975745933393     -0.28391171953969535
-0.8233092940809723     -0.4593788126586483     -0.33336603420297867
-0.8461862467708504     -0.3731332610881939     -0.38044763798130077
-0.8602899504170776     -0.28456422001488085    -0.4229945695853609
-0.8659408878151572     -0.19144437321348556    -0.4620556576591105
-0.8628011453544328     -0.09721137768523684    -0.4961089916778544
-0.8027212109897085     -0.06007993337009886    -0.5933203679577
-0.7476217570975034     -0.11831913012651313    -0.6535000319514503
-0.684419591295286      -0.17587035899892242    -0.7075587889898505
-0.6155772086262761     -0.23060903787205292    -0.753580899354282
-0.5393975740930591     -0.28391171989839015    -0.7927448469506824
-0.4593788128399964     -0.3333660341407905     -0.8233092940049669
-0.3731332611511836     -0.38044763795338815    -0.8461862467556243
-0.28456421969271944    -0.4229945697528696     -0.8602899504412791
-0.1914443737391268     -0.4620556574574077     -0.8659408878065733
-0.0972113770355791     -0.4961089919103083     -0.8628011452939686
 0.09721137547450942    -0.4961089926533181     -0.8628011450426246
 0.19144437529364441    -0.46205565700226103    -0.8659408877057573
 0.28456421859174186    -0.42299457032882704    -0.8602899505222659
 0.3731332621616651     -0.38044763748654614    -0.8461862465199371
 0.4593788119775307     -0.33336603470290554    -0.8233092942585876
 0.5393975750930827     -0.28391171929445175    -0.7927448464865416
 0.6155772074816672     -0.23060903885826367    -0.7535808999874799
 0.6844195927283347     -0.17587035795573627    -0.7075587878629602
 0.7476217555759359     -0.11831913206334883    -0.6535000333414921
 0.8027212127411156     -0.060079932008822556   -0.5933203657260111
 0.8628011446629372     -0.09721137590972566    -0.49610899322836655
 0.8659408874272158     -0.19144437531031894    -0.46205565751736866
 0.8602899504229379     -0.28456421874087784    -0.4229945704305112
 0.8461862464729463     -0.3731332621489669     -0.3804476376035166
 0.8233092943036457     -0.4593788119516329     -0.333366034627313
 0.7927448465397116     -0.5393975750855958     -0.28391171916021335
 0.7535809002591445     -0.6155772072753686     -0.23060903852120615
 0.7075587881378433     -0.6844195925995301     -0.1758703573510891
 0.653500034252051      -0.7476217549807647     -0.11831913079485196
 0.5933203668058562     -0.8027212120915469     -0.06007993002361133
 0.5933203634064479     -0.802721214634992       0.060079929611840624
 0.6535000353243734     -0.7476217535545967      0.1183191338837152
 0.7075587866782141     -0.6844195943114881      0.17587035656116462
 0.7535809006878701     -0.6155772063137479      0.23060903968712915
 0.7927448461836852     -0.5393975757635907      0.2839117188662118
 0.8233092942666681     -0.45937881194094343     0.33336603473336657
 0.8461862465826504     -0.3731332617034898      0.3804476377964265
 0.8602899503536047     -0.28456421970939194     0.42299456991996637
 0.8659408875916309     -0.1914443736908426      0.46205565788023795
 0.8628011450171348     -0.09721137763544171     0.4961089922742187
 0.8027212117322547     -0.060079932404832954    0.5933203670508298
 0.7476217562870807     -0.11831913085464453     0.6535000327467646
 0.6844195919630298     -0.17587035843530338     0.7075587884840365
 0.6155772081263499     -0.23060903827115206     0.753580899640525
 0.5393975744609134     -0.28391171976157437     0.7927448467493867
 0.45937881277494796    -0.3333660343280766      0.8233092939654275
 0.37313326119625023    -0.38044763830033795     0.8461862465797623
 0.28456422014927646    -0.4229945700765712      0.8602899501311002
 0.1914443736459826     -0.4620556587523998      0.8659408871361736
 0.09721137826744017    -0.4961089932517444      0.8628011443838524
-0.09721137790228722    -0.4961089934275595      0.8628011443239008
-0.19144437408336248    -0.46205565861619635     0.865940887112153
-0.2845642197961235     -0.4229945702513159      0.8602899501619953
-0.3731332616888742     -0.38044763805579357     0.846186246472483
-0.45937881216999704    -0.3333660346812708      0.8233092941599581
-0.5393975753795106     -0.2839117191534199      0.7927448463421599
-0.615577206861624      -0.2306090391990649      0.753580900389683
-0.6844195935320063     -0.17587035707581597     0.7075587873042833
-0.7476217543447834     -0.11831913268697992     0.6535000346370528
-0.8027212135778888     -0.06007993018426966     0.5933203647786705
-0.8628011441984863     -0.09721137725576737     0.49610899377235623
-0.865940887056536      -0.19144437467359177     0.46205565847587776
-0.8602899501751121     -0.2845642194578332      0.422994570452219
-0.8461862464275474     -0.373133261835896       0.38044763801154413
-0.823309294123577      -0.45937881223016097     0.3333660346882145
-0.792744846449358      -0.5393975751085293      0.2839117193689307
-0.7535809000694937     -0.6155772073543507      0.23060903893011286
-0.7075587877233508     -0.6844195929355121      0.17587035771115694
-0.6535000337442834     -0.7476217552052554      0.11831913218086736
-0.5933203655063448     -0.8027212129500323      0.06007993138683335
-0.49610899253038837    -0.8628011447923635     -0.09721137832306596
-0.4620556584440949     -0.8659408874083729     -0.19144437315887158
-0.42299456975666244    -0.8602899502067258     -0.2845642203961788
-0.3804476383655414     -0.8461862467228908     -0.37313326080518344
-0.3333660340756655     -0.8233092938677536     -0.45937881313317364
-0.2839117200508734     -0.7927448469538505     -0.5393975740081438
-0.23060903791667714    -0.7535808992984434     -0.6155772086779152
-0.1758703590369456     -0.707558788893294      -0.6844195913853363
-0.11831913038727525    -0.6535000319411929     -0.7476217570652013
-0.06007993346550841    -0.5933203676607823     -0.8027212112020301
 0.0600799333491869     -0.5933203666787834     -0.8027212119365673
 0.11831913126305571    -0.6535000322298483     -0.7476217566742845
 0.17587035885051858    -0.707558788490942      -0.6844195918491961
 0.2306090381679354     -0.7535808993338494     -0.615577208540445
 0.2839117201714489     -0.7927448469394435     -0.5393975739658523
 0.33336603385693175    -0.8233092936568014     -0.45937881366997985
 0.38044763899306616    -0.8461862468542525     -0.3731332598674576
 0.4229945692294501     -0.8602899499312358     -0.28456422201271864
 0.4620556597123985     -0.8659408871951886     -0.1914443710620657
 0.4961089922145129     -0.8628011446565138     -0.09721138114084067
 0.4961089947662906     -0.8628011438028547      0.09721137569475155
 0.436029051743096      -0.8999325897177058      1.3403478133999952E-9
 0.46205565818560945    -0.8659408868479784      0.19144437631750943
 0.3437365319227149     -0.9390661300578059      9.46617741401821E-10
 0.4229945710525341     -0.8602899502307402      0.28456421839731266
 0.2471242064159697     -0.9689838113215705      4.000179329528347E-10
 0.3804476376751738     -0.8461862462050039      0.3731332626835408
 0.14983860310296973    -0.988710469763596       2.7671768347248866E-10
 0.3333660350050286     -0.8233092943168815      0.4593788116538075
 0.04945431173581729    -0.9987763869108722      1.3720961103559017E-10
 0.2839117190700144     -0.7927448462705832      0.5393975755286063
-0.049454312052650246   -0.9987763868951843      1.1045417049233213E-10
 0.230609039081718      -0.7535809003806125      0.615577206916689
-0.14983860226398643    -0.9887104698907435      1.204562860118934E-10
 0.1758703572214096     -0.7075587875590208      0.6844195932312445
-0.24712420780129876    -0.9689838109682641      1.45659493823164E-10
 0.11831913208013457    -0.6535000344171863      0.7476217546330095
-0.3437365300025868     -0.9390661307606513      3.1618647362341976E-10
 0.06007993031519639    -0.5933203654814592      0.8027212130486332
-0.4360290538752195     -0.8999325886846641      4.3328619648355005E-10
-0.06007993029538507    -0.5933203652588795      0.8027212132146325
-0.1183191322628702     -0.6535000344768397      0.7476217545519463
-0.17587035718016394    -0.7075587874983461      0.6844195933045694
-0.23060903906014074    -0.7535809003711945      0.6155772069363017
-0.2839117190962223     -0.7927448463546188      0.5393975753913057
-0.33336603474491233    -0.8233092942674757      0.4593788119311176
-0.3804476377405931     -0.8461862464379374      0.3731332620885959
-0.42299457040787863    -0.8602899503275032      0.28456421906303714
-0.4620556579065944     -0.8659408872978338      0.1914443749561327
-0.49610899334657277    -0.8628011445216963      0.09721137656005786
